[
	"fileversion","20.5.410",
	"hasindex",false,
	"pointcount",102,
	"vertexcount",374,
	"primitivecount",87,
	"info",{
		"timetocook":0.000145999999999999998,
		"date":"2025-01-23 16:31:01",
		"time":0,
		"hostname":"bak",
		"artist":"ksvwe",
		"software":"Houdini 20.5.410",
		"bounds":[-1.5,1.5,0,3,-0.110000007,1.04999995],
		"primcount_summary":"         87 Polygons\n",
		"attribute_summary":"     1 point attributes:\tP\n     1 primitive attributes:\tCd\n",
		"group_summary":"     5 primitive groups:\tgroup2\n\tglas\n\tBalkon\n\tGevel\n\tainsideb\n"
	},
	"topology",[
		"pointref",[
			"indices",[0,1,2,3,4,5,6,7,8,9,7,6,1,0,9,8,4,3,10,11,12,13,2,1,14,15,1,6,16,14,6,5,17,16,5,2,15,17,12,11,18,19,19,18,20,21,21,20,22,23,13,12,19,24,24,19,21,25,25,21,23,26,10,13,24,27,27,24,25,28,28,25,26,29,11,10,27,18,18,27,28,20,20,
				28,29,22,17,15,30,31,31,30,32,33,33,32,29,26,16,17,31,34,34,31,33,35,35,33,26,23,14,16,34,36,36,34,35,37,37,35,23,22,15,14,36,30,30,36,37,32,32,37,22,29,38,39,40,41,42,43,40,39,44,4,8,7,0,4,44,45,46,47,48,49,50,51,48,47,52,53,
				3,2,5,9,3,53,38,45,52,47,53,44,39,46,46,39,38,47,52,45,44,53,42,41,48,51,43,50,49,40,42,51,50,43,48,41,40,49,57,68,67,54,66,69,56,55,68,57,56,69,54,67,66,55,60,64,63,61,65,59,58,62,59,65,64,60,62,58,61,63,67,68,69,66,57,54,55,
				56,63,64,65,62,60,61,58,59,73,84,83,70,82,85,72,71,84,73,72,85,70,83,82,71,76,80,79,77,81,75,74,78,75,81,80,76,78,74,77,79,86,87,88,89,90,91,92,93,89,93,92,86,87,91,90,88,94,95,96,97,98,99,100,101,101,94,97,98,99,96,95,100,73,
				70,87,86,70,71,91,87,71,72,92,91,72,73,86,92,83,84,89,88,84,85,93,89,85,82,90,93,82,83,88,90,76,77,95,94,77,74,100,95,74,75,101,100,75,76,94,101,79,80,97,96,80,81,98,97,81,78,99,98,78,79,96,99]
		]
	],
	"attributes",[
		"pointattributes",[
			[
				[
					"scope","public",
					"type","numeric",
					"name","P",
					"options",{
						"type":{
							"type":"string",
							"value":"point"
						}
					}
				],
				[
					"size",3,
					"storage","fpreal32",
					"defaults",[
						"size",1,
						"storage","fpreal64",
						"values",[0]
					],
					"values",[
						"size",3,
						"storage","fpreal32",
						"tuples",[[-1.5,3,-0.0500000007],[-1.5,3,0.0500000007],[-1.5,2.8499999,0.0500000007],[-1.5,0,0.0500000007],[-1.5,0,-0.0500000007],[1.5,2.8499999,0.0500000007],[1.5,3,0.0500000007],[1.5,3,-0.0500000007],[1.5,0,
								-0.0500000007],[1.5,0,0.0500000007],[-1.42507493,2.92492485,1.04999995],[-1.42507493,2.92507505,1.04999995],[1.42507493,2.92507505,1.04999995],[1.42507493,2.92492485,1.04999995],[-1.5,3,0.899999976],
							[-1.5,2.8499999,0.899999976],[1.5,3,0.899999976],[1.5,2.8499999,0.899999976],[-1.44336057,2.94336057,1.04546428],[1.44336057,2.94336057,1.04546428],[-1.46171641,2.96171641,1.03083897],[1.46171641,2.96171641,
								1.03083897],[-1.478055,2.978055,1.00606596],[1.478055,2.978055,1.00606596],[1.44336057,2.90663934,1.04546428],[1.46171641,2.88828349,1.03083897],[1.478055,2.8719449,1.00606596],[-1.44336057,2.90663934,
								1.04546428],[-1.46171641,2.88828349,1.03083897],[-1.478055,2.8719449,1.00606596],[-1.49773443,2.8522656,0.936607778],[1.49773443,2.8522656,0.936607778],[-1.49042916,2.85957074,0.973356187],[1.49042916,
								2.85957074,0.973356187],[1.49773443,2.99773431,0.936607778],[1.49042916,2.99042916,0.973356187],[-1.49773443,2.99773431,0.936607778],[-1.49042916,2.99042916,0.973356187],[-0.550000012,2.6500001,
								-0.0500000007],[-0.550000012,0.149999976,-0.0500000007],[-0.425000012,0.149999976,-0.0500000007],[-0.425000012,2.6500001,-0.0500000007],[0.425000012,2.6500001,-0.0500000007],[0.425000012,0.149999976,
								-0.0500000007],[-1.4000001,0.149999976,-0.0500000007],[-1.4000001,2.6500001,-0.0500000007],[-0.550000012,0.149999976,0.0500000007],[-0.550000012,2.6500001,0.0500000007],[-0.425000012,2.6500001,
								0.0500000007],[-0.425000012,0.149999976,0.0500000007],[0.425000012,0.149999976,0.0500000007],[0.425000012,2.6500001,0.0500000007],[-1.4000001,2.6500001,0.0500000007],[-1.4000001,0.149999976,0.0500000007],
							[-1.4000001,2.6500001,-0.0549999997],[-1.4000001,0.149999976,-0.0549999997],[-0.550000012,0.149999976,-0.0549999997],[-0.550000012,2.6500001,-0.0549999997],[-0.425000012,0.149999976,-0.0549999997],[0.425000012,
								0.149999976,-0.0549999997],[0.425000012,2.6500001,-0.0549999997],[-0.425000012,2.6500001,-0.0549999997],[-0.425000012,0.149999976,-0.0450000018],[-0.425000012,2.6500001,-0.0450000018],[0.425000012,
								2.6500001,-0.0450000018],[0.425000012,0.149999976,-0.0450000018],[-1.4000001,0.149999976,-0.0450000018],[-1.4000001,2.6500001,-0.0450000018],[-0.550000012,2.6500001,-0.0450000018],[-0.550000012,
								0.149999976,-0.0450000018],[-1.4000001,2.6500001,-0.110000007],[-1.4000001,0.149999976,-0.110000007],[-0.550000012,0.149999976,-0.110000007],[-0.550000012,2.6500001,-0.110000007],[-0.425000012,
								0.149999976,-0.110000007],[0.425000012,0.149999976,-0.110000007],[0.425000012,2.6500001,-0.110000007],[-0.425000012,2.6500001,-0.110000007],[-0.425000012,0.149999976,0.110000007],[-0.425000012,
								2.6500001,0.110000007],[0.425000012,2.6500001,0.110000007],[0.425000012,0.149999976,0.110000007],[-1.4000001,0.149999976,0.110000007],[-1.4000001,2.6500001,0.110000007],[-0.550000012,2.6500001,
								0.110000007],[-0.550000012,0.149999976,0.110000007],[-0.600000024,2.60000014,-0.110000007],[-1.35000014,2.60000014,-0.110000007],[-1.35000014,2.60000014,0.110000007],[-0.600000024,2.60000014,0.110000007],
							[-1.35000014,0.199999973,0.110000007],[-1.35000014,0.199999973,-0.110000007],[-0.600000024,0.199999973,-0.110000007],[-0.600000024,0.199999973,0.110000007],[0.375,2.60000014,-0.110000007],[-0.375,2.60000014,
								-0.110000007],[-0.375,2.60000014,0.110000007],[0.375,2.60000014,0.110000007],[0.375,0.199999973,0.110000007],[-0.375,0.199999973,0.110000007],[-0.375,0.199999973,-0.110000007],[0.375,0.199999973,
								-0.110000007]
						]
					]
				]
			]
		],
		"primitiveattributes",[
			[
				[
					"scope","public",
					"type","numeric",
					"name","Cd",
					"options",{
						"type":{
							"type":"string",
							"value":"color"
						}
					}
				],
				[
					"size",3,
					"storage","fpreal32",
					"defaults",[
						"size",1,
						"storage","fpreal64",
						"values",[1]
					],
					"values",[
						"size",3,
						"storage","fpreal32",
						"tuples",[[0,1,1],[0,1,1],[0,1,1],[0,1,1],[1,0.5,0],[1,0.5,0],[1,0.5,0],[1,0.5,0],[1,0.5,0],[1,0.5,0],[1,0.5,0],[1,0.5,0],[1,0.5,0],[1,0.5,0],[1,0.5,0],[1,0.5,0],[1,0.5,0],[1,0.5,0],[1,0.5,0],[1,0.5,0],[1,0.5,
								0],[1,0.5,0],[1,0.5,0],[1,0.5,0],[1,0.5,0],[1,0.5,0],[1,0.5,0],[1,0.5,0],[1,0.5,0],[1,0.5,0],[1,0.5,0],[1,0.5,0],[1,0.5,0],[0,1,1],[0,1,1],[1,1,1],[1,1,1],[1,1,1],[1,1,1],[1,1,1],[1,1,1],[1,1,
								1],[1,1,1],[0.590999961,1,0.952283323],[0.590999961,1,0.952283323],[0.590999961,1,0.952283323],[0.590999961,1,0.952283323],[0.590999961,1,0.952283323],[0.590999961,1,0.952283323],[0.590999961,
								1,0.952283323],[0.590999961,1,0.952283323],[0.590999961,1,0.952283323],[0.590999961,1,0.952283323],[0.590999961,1,0.952283323],[0.590999961,1,0.952283323],[1,0,0],[1,0,0],[1,0,0],[1,0,0],[1,0,
								0],[1,0,0],[1,0,0],[1,0,0],[1,0,0],[1,0,0],[1,0,0],[1,0,0],[1,0,0],[1,0,0],[1,0,0],[1,0,0],[1,0,0],[1,0,0],[1,0,0],[1,0,0],[1,0,0],[1,0,0],[1,0,0],[1,0,0],[1,0,0],[1,0,0],[1,0,0],[1,0,0],[1,0,
								0],[1,0,0],[1,0,0],[1,0,0]
						]
					]
				]
			]
		]
	],
	"primitives",[
		[
			[
				"type","Polygon_run"
			],
			[
				"startvertex",0,
				"nprimitives",87,
				"nvertices_rle",[5,2,4,31,16,2,4,52]
			]
		]
	],
	"primitivegroups",[
		[
			[
				"name","group2"
			],
			[
				"selection",[
					"unordered",[
						"boolRLE",[55,false,32,true
						]
					]
				]
			]
		],
		[
			[
				"name","glas"
			],
			[
				"selection",[
					"unordered",[
						"boolRLE",[43,false,12,true,32,false
						]
					]
				]
			]
		],
		[
			[
				"name","Balkon"
			],
			[
				"selection",[
					"unordered",[
						"boolRLE",[4,false,29,true,54,false
						]
					]
				]
			]
		],
		[
			[
				"name","Gevel"
			],
			[
				"selection",[
					"unordered",[
						"boolRLE",[4,true,29,false,2,true,52,false
						]
					]
				]
			]
		],
		[
			[
				"name","ainsideb"
			],
			[
				"selection",[
					"unordered",[
						"boolRLE",[87,false
						]
					]
				]
			]
		]
	]
]
